100 1 777 1234 12345 123456000.000000
0 0 0 540 1 0.391333
1380000 0 540 4313 1 0.230405
1380080 1 123 1234 12345 123456000.000000
20099100 0 4853 4313 1 0.230405
1380080 1 123 1234 12345 123456000.000000
38818200 0 9166 17250 1 0.876667
1380320 1 123 1234 12345 123456000.000000
58494900 0 26416 17250 1 0.876667
1380320 1 123 1234 12345 123456000.000000
78171600 0 43666 8 1 0.377358
960 1 123 1234 12345 123456000.000000
78192700 0 43674 2 1 0.357143
480 1 123 1234 12345 123456000.000000
78198200 0 43676 1 1 0.666667
240 1 123 1234 12345 123456000.000000
78199600 0 43677 1 1 2.500000
170 1 123 1234 12345 123456000.000000
78199900 0 43678 540 1 0.391333
79579900 0 540 4313 1 0.230405
1380080 1 123 1234 12345 123456000.000000
98299000 0 4853 4313 1 0.230405
1380080 1 123 1234 12345 123456000.000000
117018100 0 9166 17250 1 0.876667
1380320 1 123 1234 12345 123456000.000000
136694800 0 26416 17250 1 0.876667
1380320 1 123 1234 12345 123456000.000000
156371500 0 43666 8 1 0.377358
960 1 123 1234 12345 123456000.000000
156392600 0 43674 2 1 0.357143
480 1 123 1234 12345 123456000.000000
156398100 0 43676 1 1 0.666667
240 1 123 1234 12345 123456000.000000
156399500 0 43677 1 1 2.500000
170 1 123 1234 12345 123456000.000000
156399800 0 44218 540 1 0.391333
157779800 0 540 4313 1 0.230405
1380080 1 123 1234 12345 123456000.000000
176498900 0 4853 4313 1 0.230405
1380080 1 123 1234 12345 123456000.000000
195218000 0 9166 17250 1 0.876667
1380320 1 123 1234 12345 123456000.000000
214894700 0 26416 17250 1 0.876667
1380320 1 123 1234 12345 123456000.000000
234571400 0 43666 8 1 0.377358
960 1 123 1234 12345 123456000.000000
234592500 0 43674 2 1 0.357143
480 1 123 1234 12345 123456000.000000
234598000 0 43676 1 1 0.666667
240 1 123 1234 12345 123456000.000000
234599400 0 43677 1 1 2.500000
170 1 123 1234 12345 123456000.000000
234599700 0 44758 540 1 0.391333
235979700 0 540 4313 1 0.230405
1380080 1 123 1234 12345 123456000.000000
254698800 0 4853 4313 1 0.230405
1380080 1 123 1234 12345 123456000.000000
273417900 0 9166 17250 1 0.876667
1380320 1 123 1234 12345 123456000.000000
293094600 0 26416 17250 1 0.876667
1380320 1 123 1234 12345 123456000.000000
312771300 0 43666 8 1 0.377358
960 1 123 1234 12345 123456000.000000
312792400 0 43674 2 1 0.357143
480 1 123 1234 12345 123456000.000000
312797900 0 43676 1 1 0.666667
240 1 123 1234 12345 123456000.000000
312799300 0 43677 1 1 2.500000
170 1 123 1234 12345 123456000.000000
312799600 0 45298 540 1 0.391333
314179600 0 540 4313 1 0.230405
1380080 1 123 1234 12345 123456000.000000
332898700 0 4853 4313 1 0.230405
1380080 1 123 1234 12345 123456000.000000
351617800 0 9166 17250 1 0.876667
1380320 1 123 1234 12345 123456000.000000
371294500 0 26416 17250 1 0.876667
1380320 1 123 1234 12345 123456000.000000
390971200 0 43666 8 1 0.377358
960 1 123 1234 12345 123456000.000000
390992300 0 43674 2 1 0.357143
480 1 123 1234 12345 123456000.000000
390997800 0 43676 1 1 0.666667
240 1 123 1234 12345 123456000.000000
390999200 0 43677 1 1 2.500000
170 1 123 1234 12345 123456000.000000
390999500 0 45838 540 1 0.391333
392379500 0 540 4313 1 0.230405
1380080 1 123 1234 12345 123456000.000000
411098600 0 4853 4313 1 0.230405
1380080 1 123 1234 12345 123456000.000000
429817700 0 9166 17250 1 0.876667
1380320 1 123 1234 12345 123456000.000000
449494400 0 26416 17250 1 0.876667
1380320 1 123 1234 12345 123456000.000000
469171100 0 43666 8 1 0.377358
960 1 123 1234 12345 123456000.000000
469192200 0 43674 2 1 0.357143
480 1 123 1234 12345 123456000.000000
469197700 0 43676 1 1 0.666667
240 1 123 1234 12345 123456000.000000
469199100 0 43677 1 1 2.500000
170 1 123 1234 12345 123456000.000000
469199400 0 46378 540 1 0.391333
470579400 0 540 4313 1 0.230405
1380080 1 123 1234 12345 123456000.000000
489298500 0 4853 4313 1 0.230405
1380080 1 123 1234 12345 123456000.000000
508017600 0 9166 17250 1 0.876667
1380320 1 123 1234 12345 123456000.000000
527694300 0 26416 17250 1 0.876667
1380320 1 123 1234 12345 123456000.000000
547371000 0 43666 8 1 0.377358
960 1 123 1234 12345 123456000.000000
547392100 0 43674 2 1 0.357143
480 1 123 1234 12345 123456000.000000
547397600 0 43676 1 1 0.666667
240 1 123 1234 12345 123456000.000000
547399000 0 43677 1 1 2.500000
170 1 123 1234 12345 123456000.000000
547399300 0 46918 540 1 0.391333
548779300 0 540 4313 1 0.230405
1380080 1 123 1234 12345 123456000.000000
567498400 0 4853 4313 1 0.230405
1380080 1 123 1234 12345 123456000.000000
586217500 0 9166 17250 1 0.876667
1380320 1 123 1234 12345 123456000.000000
605894200 0 26416 17250 1 0.876667
1380320 1 123 1234 12345 123456000.000000
625570900 0 43666 8 1 0.377358
960 1 123 1234 12345 123456000.000000
625592000 0 43674 2 1 0.357143
480 1 123 1234 12345 123456000.000000
625597500 0 43676 1 1 0.666667
240 1 123 1234 12345 123456000.000000
625598900 0 43677 1 1 2.500000
170 1 123 1234 12345 123456000.000000
625599200 0 47458 540 1 0.391333
626979200 0 540 4313 1 0.230405
1380080 1 123 1234 12345 123456000.000000
645698300 0 4853 4313 1 0.230405
1380080 1 123 1234 12345 123456000.000000
664417400 0 9166 17250 1 0.876667
1380320 1 123 1234 12345 123456000.000000
684094100 0 26416 17250 1 0.876667
1380320 1 123 1234 12345 123456000.000000
703770800 0 43666 8 1 0.377358
960 1 123 1234 12345 123456000.000000
703791900 0 43674 2 1 0.357143
480 1 123 1234 12345 123456000.000000
703797400 0 43676 1 1 0.666667
240 1 123 1234 12345 123456000.000000
703798800 0 43677 1 1 2.500000
170 1 123 1234 12345 123456000.000000
703799100 0 47998 540 1 0.391333
705179100 0 540 4313 1 0.230405
1380080 1 123 1234 12345 123456000.000000
723898200 0 4853 4313 1 0.230405
1380080 1 123 1234 12345 123456000.000000
742617300 0 9166 17250 1 0.876667
1380320 1 123 1234 12345 123456000.000000
762294000 0 26416 17250 1 0.876667
1380320 1 123 1234 12345 123456000.000000
781970700 0 43666 8 1 0.377358
960 1 123 1234 12345 123456000.000000
781991800 0 43674 2 1 0.357143
480 1 123 1234 12345 123456000.000000
781997300 0 43676 1 1 0.666667
240 1 123 1234 12345 123456000.000000
781998700 0 43677 1 1 2.500000
170 1 123 1234 12345 123456000.000000
781999000 0 48538 540 1 0.391333
783379000 0 540 4313 1 0.230405
1380080 1 123 1234 12345 123456000.000000
802098100 0 4853 4313 1 0.230405
1380080 1 123 1234 12345 123456000.000000
820817200 0 9166 17250 1 0.876667
1380320 1 123 1234 12345 123456000.000000
840493900 0 26416 17250 1 0.876667
1380320 1 123 1234 12345 123456000.000000
860170600 0 43666 8 1 0.377358
960 1 123 1234 12345 123456000.000000
860191700 0 43674 2 1 0.357143
480 1 123 1234 12345 123456000.000000
860197200 0 43676 1 1 0.666667
240 1 123 1234 12345 123456000.000000
860198600 0 43677 1 1 2.500000
170 1 123 1234 12345 123456000.000000
100 1 888 1234 12345 123456000.000000
860198900 0 49078 540 1 1000.000000
861578900 0 540 4313 1 0.248743
138008 1 123 1234 12345 123456000.000000
878918100 0 49618 1 0 10.000000
878918200 0 49619 540 0 1000.000000
880298200 0 4853 4313 1 0.248743
138008 1 123 1234 12345 123456000.000000
897637400 0 50159 1 0 10.000000
897637500 0 50160 540 0 1000.000000
899017500 0 9166 17250 1 0.942788
138032 1 123 1234 12345 123456000.000000
917314300 0 50700 1 0 2.500000
917314700 0 50701 540 0 1000.000000
918694700 0 26416 17250 1 0.942788
138032 1 123 1234 12345 123456000.000000
936991500 0 51241 1 0 2.500000
936991900 0 51242 1 0 1000.000000
936992600 0 43666 8 1 0.390244
96 1 123 1234 12345 123456000.000000
937013100 0 51243 1 0 2.500000
937013500 0 51244 1 0 1000.000000
937013900 0 43674 2 1 0.384615
48 1 123 1234 12345 123456000.000000
937019100 0 51245 1 0 5.000000
937019300 0 51246 1 0 1000.000000
937019500 0 43676 1 1 0.769231
24 1 123 1234 12345 123456000.000000
937020800 0 51247 1 0 10.000000
937020900 0 51248 1 0 1000.000000
937021100 0 43677 1 1 5.000000
17 1 123 1234 12345 123456000.000000
937021300 0 51249 1 0 10.000000
937021400 0 51250 540 1 1000.000000
938401400 0 540 4313 1 0.248743
138008 1 123 1234 12345 123456000.000000
955740600 0 51790 1 0 10.000000
955740700 0 51791 540 0 1000.000000
957120700 0 4853 4313 1 0.248743
138008 1 123 1234 12345 123456000.000000
974459900 0 52331 1 0 10.000000
974460000 0 52332 540 0 1000.000000
975840000 0 9166 17250 1 0.942788
138032 1 123 1234 12345 123456000.000000
994136800 0 52872 1 0 2.500000
994137200 0 52873 540 0 1000.000000
995517200 0 26416 17250 1 0.942788
138032 1 123 1234 12345 123456000.000000
1013814000 0 53413 1 0 2.500000
1013814400 0 53414 1 0 1000.000000
1013815100 0 43666 8 1 0.390244
96 1 123 1234 12345 123456000.000000
1013835600 0 53415 1 0 2.500000
1013836000 0 53416 1 0 1000.000000
1013836400 0 43674 2 1 0.384615
48 1 123 1234 12345 123456000.000000
1013841600 0 53417 1 0 5.000000
1013841800 0 53418 1 0 1000.000000
1013842000 0 43676 1 1 0.769231
24 1 123 1234 12345 123456000.000000
1013843300 0 53419 1 0 10.000000
1013843400 0 53420 1 0 1000.000000
1013843600 0 43677 1 1 5.000000
17 1 123 1234 12345 123456000.000000
1013843800 0 53421 1 0 10.000000
1013843900 0 53422 540 1 1000.000000
1015223900 0 540 4313 1 0.248743
138008 1 123 1234 12345 123456000.000000
1032563100 0 53962 1 0 10.000000
1032563200 0 53963 540 0 1000.000000
1033943200 0 4853 4313 1 0.248743
138008 1 123 1234 12345 123456000.000000
1051282400 0 54503 1 0 10.000000
1051282500 0 54504 540 0 1000.000000
1052662500 0 9166 17250 1 0.942788
138032 1 123 1234 12345 123456000.000000
1070959300 0 55044 1 0 2.500000
1070959700 0 55045 540 0 1000.000000
1072339700 0 26416 17250 1 0.942788
138032 1 123 1234 12345 123456000.000000
1090636500 0 55585 1 0 2.500000
1090636900 0 55586 1 0 1000.000000
1090637600 0 43666 8 1 0.390244
96 1 123 1234 12345 123456000.000000
1090658100 0 55587 1 0 2.500000
1090658500 0 55588 1 0 1000.000000
1090658900 0 43674 2 1 0.384615
48 1 123 1234 12345 123456000.000000
1090664100 0 55589 1 0 5.000000
1090664300 0 55590 1 0 1000.000000
1090664500 0 43676 1 1 0.769231
24 1 123 1234 12345 123456000.000000
1090665800 0 55591 1 0 10.000000
1090665900 0 55592 1 0 1000.000000
1090666100 0 43677 1 1 5.000000
17 1 123 1234 12345 123456000.000000
1090666300 0 55593 1 0 10.000000
1090666400 0 55594 540 1 1000.000000
1092046400 0 540 4313 1 0.248743
138008 1 123 1234 12345 123456000.000000
1109385600 0 56134 1 0 10.000000
1109385700 0 56135 540 0 1000.000000
1110765700 0 4853 4313 1 0.248743
138008 1 123 1234 12345 123456000.000000
1128104900 0 56675 1 0 10.000000
1128105000 0 56676 540 0 1000.000000
1129485000 0 9166 17250 1 0.942788
138032 1 123 1234 12345 123456000.000000
1147781800 0 57216 1 0 2.500000
1147782200 0 57217 540 0 1000.000000
1149162200 0 26416 17250 1 0.942788
138032 1 123 1234 12345 123456000.000000
1167459000 0 57757 1 0 2.500000
1167459400 0 57758 1 0 1000.000000
1167460100 0 43666 8 1 0.390244
96 1 123 1234 12345 123456000.000000
1167480600 0 57759 1 0 2.500000
1167481000 0 57760 1 0 1000.000000
1167481400 0 43674 2 1 0.384615
48 1 123 1234 12345 123456000.000000
1167486600 0 57761 1 0 5.000000
1167486800 0 57762 1 0 1000.000000
1167487000 0 43676 1 1 0.769231
24 1 123 1234 12345 123456000.000000
1167488300 0 57763 1 0 10.000000
1167488400 0 57764 1 0 1000.000000
1167488600 0 43677 1 1 5.000000
17 1 123 1234 12345 123456000.000000
1167488800 0 57765 1 0 10.000000
1167488900 0 57766 540 1 1000.000000
1168868900 0 540 4313 1 0.248743
138008 1 123 1234 12345 123456000.000000
1186208100 0 58306 1 0 10.000000
1186208200 0 58307 540 0 1000.000000
1187588200 0 4853 4313 1 0.248743
138008 1 123 1234 12345 123456000.000000
1204927400 0 58847 1 0 10.000000
1204927500 0 58848 540 0 1000.000000
1206307500 0 9166 17250 1 0.942788
138032 1 123 1234 12345 123456000.000000
1224604300 0 59388 1 0 2.500000
1224604700 0 59389 540 0 1000.000000
1225984700 0 26416 17250 1 0.942788
138032 1 123 1234 12345 123456000.000000
1244281500 0 59929 1 0 2.500000
1244281900 0 59930 1 0 1000.000000
1244282600 0 43666 8 1 0.390244
96 1 123 1234 12345 123456000.000000
1244303100 0 59931 1 0 2.500000
1244303500 0 59932 1 0 1000.000000
1244303900 0 43674 2 1 0.384615
48 1 123 1234 12345 123456000.000000
1244309100 0 59933 1 0 5.000000
1244309300 0 59934 1 0 1000.000000
1244309500 0 43676 1 1 0.769231
24 1 123 1234 12345 123456000.000000
1244310800 0 59935 1 0 10.000000
1244310900 0 59936 1 0 1000.000000
1244311100 0 43677 1 1 5.000000
17 1 123 1234 12345 123456000.000000
1244311300 0 59937 1 0 10.000000
1244311400 0 59938 540 1 1000.000000
1245691400 0 540 4313 1 0.248743
138008 1 123 1234 12345 123456000.000000
1263030600 0 60478 1 0 10.000000
1263030700 0 60479 540 0 1000.000000
1264410700 0 4853 4313 1 0.248743
138008 1 123 1234 12345 123456000.000000
1281749900 0 61019 1 0 10.000000
1281750000 0 61020 540 0 1000.000000
1283130000 0 9166 17250 1 0.942788
138032 1 123 1234 12345 123456000.000000
1301426800 0 61560 1 0 2.500000
1301427200 0 61561 540 0 1000.000000
1302807200 0 26416 17250 1 0.942788
138032 1 123 1234 12345 123456000.000000
1321104000 0 62101 1 0 2.500000
1321104400 0 62102 1 0 1000.000000
1321105100 0 43666 8 1 0.390244
96 1 123 1234 12345 123456000.000000
1321125600 0 62103 1 0 2.500000
1321126000 0 62104 1 0 1000.000000
1321126400 0 43674 2 1 0.384615
48 1 123 1234 12345 123456000.000000
1321131600 0 62105 1 0 5.000000
1321131800 0 62106 1 0 1000.000000
1321132000 0 43676 1 1 0.769231
24 1 123 1234 12345 123456000.000000
1321133300 0 62107 1 0 10.000000
1321133400 0 62108 1 0 1000.000000
1321133600 0 43677 1 1 5.000000
17 1 123 1234 12345 123456000.000000
1321133800 0 62109 1 0 10.000000
1321133900 0 62110 540 1 1000.000000
1322513900 0 540 4313 1 0.248743
138008 1 123 1234 12345 123456000.000000
1339853100 0 62650 1 0 10.000000
1339853200 0 62651 540 0 1000.000000
1341233200 0 4853 4313 1 0.248743
138008 1 123 1234 12345 123456000.000000
1358572400 0 63191 1 0 10.000000
1358572500 0 63192 540 0 1000.000000
1359952500 0 9166 17250 1 0.942788
138032 1 123 1234 12345 123456000.000000
1378249300 0 63732 1 0 2.500000
1378249700 0 63733 540 0 1000.000000
1379629700 0 26416 17250 1 0.942788
138032 1 123 1234 12345 123456000.000000
1397926500 0 64273 1 0 2.500000
1397926900 0 64274 1 0 1000.000000
1397927600 0 43666 8 1 0.390244
96 1 123 1234 12345 123456000.000000
1397948100 0 64275 1 0 2.500000
1397948500 0 64276 1 0 1000.000000
1397948900 0 43674 2 1 0.384615
48 1 123 1234 12345 123456000.000000
1397954100 0 64277 1 0 5.000000
1397954300 0 64278 1 0 1000.000000
1397954500 0 43676 1 1 0.769231
24 1 123 1234 12345 123456000.000000
1397955800 0 64279 1 0 10.000000
1397955900 0 64280 1 0 1000.000000
1397956100 0 43677 1 1 5.000000
17 1 123 1234 12345 123456000.000000
1397956300 0 64281 1 0 10.000000
1397956400 0 64282 540 1 1000.000000
1399336400 0 540 4313 1 0.248743
138008 1 123 1234 12345 123456000.000000
1416675600 0 64822 1 0 10.000000
1416675700 0 64823 540 0 1000.000000
1418055700 0 4853 4313 1 0.248743
138008 1 123 1234 12345 123456000.000000
1435394900 0 65363 1 0 10.000000
1435395000 0 65364 540 0 1000.000000
1436775000 0 9166 17250 1 0.942788
138032 1 123 1234 12345 123456000.000000
1455071800 0 65904 1 0 2.500000
1455072200 0 65905 540 0 1000.000000
1456452200 0 26416 17250 1 0.942788
138032 1 123 1234 12345 123456000.000000
1474749000 0 66445 1 0 2.500000
1474749400 0 66446 1 0 1000.000000
1474750100 0 43666 8 1 0.390244
96 1 123 1234 12345 123456000.000000
1474770600 0 66447 1 0 2.500000
1474771000 0 66448 1 0 1000.000000
1474771400 0 43674 2 1 0.384615
48 1 123 1234 12345 123456000.000000
1474776600 0 66449 1 0 5.000000
1474776800 0 66450 1 0 1000.000000
1474777000 0 43676 1 1 0.769231
24 1 123 1234 12345 123456000.000000
1474778300 0 66451 1 0 10.000000
1474778400 0 66452 1 0 1000.000000
1474778600 0 43677 1 1 5.000000
17 1 123 1234 12345 123456000.000000
1474778800 0 66453 1 0 10.000000
1474778900 0 66454 540 1 1000.000000
1476158900 0 540 4313 1 0.248743
138008 1 123 1234 12345 123456000.000000
1493498100 0 66994 1 0 10.000000
1493498200 0 66995 540 0 1000.000000
1494878200 0 4853 4313 1 0.248743
138008 1 123 1234 12345 123456000.000000
1512217400 0 67535 1 0 10.000000
1512217500 0 67536 540 0 1000.000000
1513597500 0 9166 17250 1 0.942788
138032 1 123 1234 12345 123456000.000000
1531894300 0 68076 1 0 2.500000
1531894700 0 68077 540 0 1000.000000
1533274700 0 26416 17250 1 0.942788
138032 1 123 1234 12345 123456000.000000
1551571500 0 68617 1 0 2.500000
1551571900 0 68618 1 0 1000.000000
1551572600 0 43666 8 1 0.390244
96 1 123 1234 12345 123456000.000000
1551593100 0 68619 1 0 2.500000
1551593500 0 68620 1 0 1000.000000
1551593900 0 43674 2 1 0.384615
48 1 123 1234 12345 123456000.000000
1551599100 0 68621 1 0 5.000000
1551599300 0 68622 1 0 1000.000000
1551599500 0 43676 1 1 0.769231
24 1 123 1234 12345 123456000.000000
1551600800 0 68623 1 0 10.000000
1551600900 0 68624 1 0 1000.000000
1551601100 0 43677 1 1 5.000000
17 1 123 1234 12345 123456000.000000
1551601300 0 68625 1 0 10.000000
1551601400 0 68626 540 1 1000.000000
1552981400 0 540 4313 1 0.248743
138008 1 123 1234 12345 123456000.000000
1570320600 0 69166 1 0 10.000000
1570320700 0 69167 540 0 1000.000000
1571700700 0 4853 4313 1 0.248743
138008 1 123 1234 12345 123456000.000000
1589039900 0 69707 1 0 10.000000
1589040000 0 69708 540 0 1000.000000
1590420000 0 9166 17250 1 0.942788
138032 1 123 1234 12345 123456000.000000
1608716800 0 70248 1 0 2.500000
1608717200 0 70249 540 0 1000.000000
1610097200 0 26416 17250 1 0.942788
138032 1 123 1234 12345 123456000.000000
1628394000 0 70789 1 0 2.500000
1628394400 0 70790 1 0 1000.000000
1628395100 0 43666 8 1 0.390244
96 1 123 1234 12345 123456000.000000
1628415600 0 70791 1 0 2.500000
1628416000 0 70792 1 0 1000.000000
1628416400 0 43674 2 1 0.384615
48 1 123 1234 12345 123456000.000000
1628421600 0 70793 1 0 5.000000
1628421800 0 70794 1 0 1000.000000
1628422000 0 43676 1 1 0.769231
24 1 123 1234 12345 123456000.000000
1628423300 0 70795 1 0 10.000000
1628423400 0 70796 1 0 1000.000000
1628423600 0 43677 1 1 5.000000
17 1 123 1234 12345 123456000.000000
1628423800 0 70797 1 0 10.000000
1628423900 0 70798 540 1 1000.000000
1629803900 0 540 4313 1 0.248743
138008 1 123 1234 12345 123456000.000000
1647143100 0 71338 1 0 10.000000
1647143200 0 71339 540 0 1000.000000
1648523200 0 4853 4313 1 0.248743
138008 1 123 1234 12345 123456000.000000
1665862400 0 71879 1 0 10.000000
1665862500 0 71880 540 0 1000.000000
1667242500 0 9166 17250 1 0.942788
138032 1 123 1234 12345 123456000.000000
1685539300 0 72420 1 0 2.500000
1685539700 0 72421 540 0 1000.000000
1686919700 0 26416 17250 1 0.942788
138032 1 123 1234 12345 123456000.000000
1705216500 0 72961 1 0 2.500000
1705216900 0 72962 1 0 1000.000000
1705217600 0 43666 8 1 0.390244
96 1 123 1234 12345 123456000.000000
1705238100 0 72963 1 0 2.500000
1705238500 0 72964 1 0 1000.000000
1705238900 0 43674 2 1 0.384615
48 1 123 1234 12345 123456000.000000
1705244100 0 72965 1 0 5.000000
1705244300 0 72966 1 0 1000.000000
1705244500 0 43676 1 1 0.769231
24 1 123 1234 12345 123456000.000000
1705245800 0 72967 1 0 10.000000
1705245900 0 72968 1 0 1000.000000
1705246100 0 43677 1 1 5.000000
17 1 123 1234 12345 123456000.000000
1705246300 0 72969 1 0 10.000000
100 1 999 1234 12345 123456000.000000
1705246400 0 123456789 1 1 0.000000
1705246500 0 43677 1 1 5.000000
17 1 123 1234 12345 123456000.000000
1705246700 0 72969 1 1 10.000000
17 1 123 1234 12345 123456000.000000
1705246800 0 43677 1 0 5.000000
1705247000 0 72966 1 1 1000.000000
1705247200 0 43676 1 1 0.769231
24 1 123 1234 12345 123456000.000000
1705248500 0 72967 1 1 10.000000
24 1 123 1234 12345 123456000.000000
1705248600 0 43676 1 0 0.769231
1705249900 0 72964 1 1 1000.000000
1705250300 0 43674 2 1 0.384615
48 1 123 1234 12345 123456000.000000
1705255500 0 72965 1 1 5.000000
48 1 123 1234 12345 123456000.000000
1705255700 0 43674 2 0 0.384615
1705260900 0 72962 1 1 1000.000000
1705261600 0 43666 8 1 0.390244
96 1 123 1234 12345 123456000.000000
1705282100 0 72963 1 1 2.500000
96 1 123 1234 12345 123456000.000000
1705282500 0 43666 8 0 0.390244
1705303000 0 72421 540 1 1000.000000
1706683000 0 26416 17250 1 0.942788
138032 1 123 1234 12345 123456000.000000
1724979800 0 72961 1 1 2.500000
138032 1 123 1234 12345 123456000.000000
1724980200 0 26416 17250 0 0.942788
1743277000 0 71880 540 1 1000.000000
1744657000 0 9166 17250 1 0.942788
138032 1 123 1234 12345 123456000.000000
1762953800 0 72420 1 1 2.500000
138032 1 123 1234 12345 123456000.000000
1762954200 0 9166 17250 0 0.942788
1781251000 0 71339 540 1 1000.000000
1782631000 0 4853 4313 1 0.248743
138008 1 123 1234 12345 123456000.000000
1799970200 0 71879 1 1 10.000000
138008 1 123 1234 12345 123456000.000000
1799970300 0 4853 4313 0 0.248743
1817309500 0 70796 540 1 1000.000000
1818689500 0 540 4313 1 0.248743
138008 1 123 1234 12345 123456000.000000
1836028700 0 71338 1 1 10.000000
138008 1 123 1234 12345 123456000.000000
1836028800 0 540 4313 0 0.248743
1853368000 0 123456789 1 1 0.000000
1853368100 0 43677 1 1 5.000000
17 1 123 1234 12345 123456000.000000
1853368300 0 70797 1 1 10.000000
17 1 123 1234 12345 123456000.000000
1853368400 0 43677 1 0 5.000000
1853368600 0 70792 1 1 1000.000000
1853368800 0 43676 1 1 0.769231
24 1 123 1234 12345 123456000.000000
1853370100 0 70795 1 1 10.000000
24 1 123 1234 12345 123456000.000000
1853370200 0 43676 1 0 0.769231
1853371500 0 70790 1 1 1000.000000
1853371900 0 43674 2 1 0.384615
48 1 123 1234 12345 123456000.000000
1853377100 0 70793 1 1 5.000000
48 1 123 1234 12345 123456000.000000
1853377300 0 43674 2 0 0.384615
1853382500 0 70249 1 1 1000.000000
1853383200 0 43666 8 1 0.390244
96 1 123 1234 12345 123456000.000000
1853403700 0 70791 1 1 2.500000
96 1 123 1234 12345 123456000.000000
1853404100 0 43666 8 0 0.390244
1853424600 0 69708 540 1 1000.000000
1854804600 0 26416 17250 1 0.942788
138032 1 123 1234 12345 123456000.000000
1873101400 0 70789 1 1 2.500000
138032 1 123 1234 12345 123456000.000000
1873101800 0 26416 17250 0 0.942788
1891398600 0 69167 540 1 1000.000000
1892778600 0 9166 17250 1 0.942788
138032 1 123 1234 12345 123456000.000000
1911075400 0 70248 1 1 2.500000
138032 1 123 1234 12345 123456000.000000
1911075800 0 9166 17250 0 0.942788
1929372600 0 68624 540 1 1000.000000
1930752600 0 4853 4313 1 0.248743
138008 1 123 1234 12345 123456000.000000
1948091800 0 69707 1 1 10.000000
138008 1 123 1234 12345 123456000.000000
1948091900 0 4853 4313 0 0.248743
1965431100 0 68622 540 1 1000.000000
1966811100 0 540 4313 1 0.248743
138008 1 123 1234 12345 123456000.000000
1984150300 0 69166 1 1 10.000000
138008 1 123 1234 12345 123456000.000000
1984150400 0 540 4313 0 0.248743
2001489600 0 123456789 1 1 0.000000
2001489700 0 43677 1 1 5.000000
17 1 123 1234 12345 123456000.000000
2001489900 0 68625 1 1 10.000000
17 1 123 1234 12345 123456000.000000
2001490000 0 43677 1 0 5.000000
2001490200 0 68618 1 1 1000.000000
2001490400 0 43676 1 1 0.769231
24 1 123 1234 12345 123456000.000000
2001491700 0 68623 1 1 10.000000
24 1 123 1234 12345 123456000.000000
2001491800 0 43676 1 0 0.769231
2001493100 0 68077 1 1 1000.000000
2001493500 0 43674 2 1 0.384615
48 1 123 1234 12345 123456000.000000
2001498700 0 68621 1 1 5.000000
48 1 123 1234 12345 123456000.000000
2001498900 0 43674 2 0 0.384615
2001504100 0 67536 1 1 1000.000000
2001504800 0 43666 8 1 0.390244
96 1 123 1234 12345 123456000.000000
2001525300 0 68619 1 1 2.500000
96 1 123 1234 12345 123456000.000000
2001525700 0 43666 8 0 0.390244
2001546200 0 66995 540 1 1000.000000
2002926200 0 26416 17250 1 0.942788
138032 1 123 1234 12345 123456000.000000
2021223000 0 68617 1 1 2.500000
138032 1 123 1234 12345 123456000.000000
2021223400 0 26416 17250 0 0.942788
2039520200 0 66452 540 1 1000.000000
2040900200 0 9166 17250 1 0.942788
138032 1 123 1234 12345 123456000.000000
2059197000 0 68076 1 1 2.500000
138032 1 123 1234 12345 123456000.000000
2059197400 0 9166 17250 0 0.942788
2077494200 0 66450 540 1 1000.000000
2078874200 0 4853 4313 1 0.248743
138008 1 123 1234 12345 123456000.000000
2096213400 0 67535 1 1 10.000000
138008 1 123 1234 12345 123456000.000000
2096213500 0 4853 4313 0 0.248743
2113552700 0 66448 540 1 1000.000000
2114932700 0 540 4313 1 0.248743
138008 1 123 1234 12345 123456000.000000
2132271900 0 66994 1 1 10.000000
138008 1 123 1234 12345 123456000.000000
2132272000 0 540 4313 0 0.248743
2149611200 0 123456789 1 1 0.000000
2149611300 0 43677 1 1 5.000000
17 1 123 1234 12345 123456000.000000
2149611500 0 66453 1 1 10.000000
17 1 123 1234 12345 123456000.000000
2149611600 0 43677 1 0 5.000000
2149611800 0 65905 1 1 1000.000000
2149612000 0 43676 1 1 0.769231
24 1 123 1234 12345 123456000.000000
2149613300 0 66451 1 1 10.000000
24 1 123 1234 12345 123456000.000000
2149613400 0 43676 1 0 0.769231
2149614700 0 65364 1 1 1000.000000
2149615100 0 43674 2 1 0.384615
48 1 123 1234 12345 123456000.000000
2149620300 0 66449 1 1 5.000000
48 1 123 1234 12345 123456000.000000
2149620500 0 43674 2 0 0.384615
2149625700 0 64823 1 1 1000.000000
2149626400 0 43666 8 1 0.390244
96 1 123 1234 12345 123456000.000000
2149646900 0 66447 1 1 2.500000
96 1 123 1234 12345 123456000.000000
2149647300 0 43666 8 0 0.390244
2149667800 0 64280 540 1 1000.000000
2151047800 0 26416 17250 1 0.942788
138032 1 123 1234 12345 123456000.000000
2169344600 0 66445 1 1 2.500000
138032 1 123 1234 12345 123456000.000000
2169345000 0 26416 17250 0 0.942788
2187641800 0 64278 540 1 1000.000000
2189021800 0 9166 17250 1 0.942788
138032 1 123 1234 12345 123456000.000000
2207318600 0 65904 1 1 2.500000
138032 1 123 1234 12345 123456000.000000
2207319000 0 9166 17250 0 0.942788
2225615800 0 64276 540 1 1000.000000
2226995800 0 4853 4313 1 0.248743
138008 1 123 1234 12345 123456000.000000
2244335000 0 65363 1 1 10.000000
138008 1 123 1234 12345 123456000.000000
2244335100 0 4853 4313 0 0.248743
2261674300 0 64274 540 1 1000.000000
2263054300 0 540 4313 1 0.248743
138008 1 123 1234 12345 123456000.000000
2280393500 0 64822 1 1 10.000000
138008 1 123 1234 12345 123456000.000000
2280393600 0 540 4313 0 0.248743
2297732800 0 123456789 1 1 0.000000
2297732900 0 43677 1 1 5.000000
17 1 123 1234 12345 123456000.000000
2297733100 0 64281 1 1 10.000000
17 1 123 1234 12345 123456000.000000
2297733200 0 43677 1 0 5.000000
2297733400 0 63192 1 1 1000.000000
2297733600 0 43676 1 1 0.769231
24 1 123 1234 12345 123456000.000000
2297734900 0 64279 1 1 10.000000
24 1 123 1234 12345 123456000.000000
2297735000 0 43676 1 0 0.769231
2297736300 0 62651 1 1 1000.000000
2297736700 0 43674 2 1 0.384615
48 1 123 1234 12345 123456000.000000
2297741900 0 64277 1 1 5.000000
48 1 123 1234 12345 123456000.000000
2297742100 0 43674 2 0 0.384615
2297747300 0 62108 1 1 1000.000000
2297748000 0 43666 8 1 0.390244
96 1 123 1234 12345 123456000.000000
2297768500 0 64275 1 1 2.500000
96 1 123 1234 12345 123456000.000000
2297768900 0 43666 8 0 0.390244
2297789400 0 62106 540 1 1000.000000
2299169400 0 26416 17250 1 0.942788
138032 1 123 1234 12345 123456000.000000
2317466200 0 64273 1 1 2.500000
138032 1 123 1234 12345 123456000.000000
2317466600 0 26416 17250 0 0.942788
2335763400 0 62104 540 1 1000.000000
2337143400 0 9166 17250 1 0.942788
138032 1 123 1234 12345 123456000.000000
2355440200 0 63732 1 1 2.500000
138032 1 123 1234 12345 123456000.000000
2355440600 0 9166 17250 0 0.942788
2373737400 0 62102 540 1 1000.000000
2375117400 0 4853 4313 1 0.248743
138008 1 123 1234 12345 123456000.000000
2392456600 0 63191 1 1 10.000000
138008 1 123 1234 12345 123456000.000000
2392456700 0 4853 4313 0 0.248743
2409795900 0 61561 540 1 1000.000000
2411175900 0 540 4313 1 0.248743
138008 1 123 1234 12345 123456000.000000
2428515100 0 62650 1 1 10.000000
138008 1 123 1234 12345 123456000.000000
2428515200 0 540 4313 0 0.248743
2445854400 0 123456789 1 1 0.000000
2445854500 0 43677 1 1 5.000000
17 1 123 1234 12345 123456000.000000
2445854700 0 62109 1 1 10.000000
17 1 123 1234 12345 123456000.000000
2445854800 0 43677 1 0 5.000000
2445855000 0 60479 1 1 1000.000000
2445855200 0 43676 1 1 0.769231
24 1 123 1234 12345 123456000.000000
2445856500 0 62107 1 1 10.000000
24 1 123 1234 12345 123456000.000000
2445856600 0 43676 1 0 0.769231
2445857900 0 59936 1 1 1000.000000
2445858300 0 43674 2 1 0.384615
48 1 123 1234 12345 123456000.000000
2445863500 0 62105 1 1 5.000000
48 1 123 1234 12345 123456000.000000
2445863700 0 43674 2 0 0.384615
2445868900 0 59934 1 1 1000.000000
2445869600 0 43666 8 1 0.390244
96 1 123 1234 12345 123456000.000000
2445890100 0 62103 1 1 2.500000
96 1 123 1234 12345 123456000.000000
2445890500 0 43666 8 0 0.390244
2445911000 0 59932 540 1 1000.000000
2447291000 0 26416 17250 1 0.942788
138032 1 123 1234 12345 123456000.000000
2465587800 0 62101 1 1 2.500000
138032 1 123 1234 12345 123456000.000000
2465588200 0 26416 17250 0 0.942788
2483885000 0 59930 540 1 1000.000000
2485265000 0 9166 17250 1 0.942788
138032 1 123 1234 12345 123456000.000000
2503561800 0 61560 1 1 2.500000
138032 1 123 1234 12345 123456000.000000
2503562200 0 9166 17250 0 0.942788
2521859000 0 59389 540 1 1000.000000
2523239000 0 4853 4313 1 0.248743
138008 1 123 1234 12345 123456000.000000
2540578200 0 61019 1 1 10.000000
138008 1 123 1234 12345 123456000.000000
2540578300 0 4853 4313 0 0.248743
2557917500 0 58848 540 1 1000.000000
2559297500 0 540 4313 1 0.248743
138008 1 123 1234 12345 123456000.000000
2576636700 0 60478 1 1 10.000000
138008 1 123 1234 12345 123456000.000000
2576636800 0 540 4313 0 0.248743
2593976000 0 123456789 1 1 0.000000
2593976100 0 43677 1 1 5.000000
17 1 123 1234 12345 123456000.000000
2593976300 0 59937 1 1 10.000000
17 1 123 1234 12345 123456000.000000
2593976400 0 43677 1 0 5.000000
2593976600 0 57764 1 1 1000.000000
2593976800 0 43676 1 1 0.769231
24 1 123 1234 12345 123456000.000000
2593978100 0 59935 1 1 10.000000
24 1 123 1234 12345 123456000.000000
2593978200 0 43676 1 0 0.769231
2593979500 0 57762 1 1 1000.000000
2593979900 0 43674 2 1 0.384615
48 1 123 1234 12345 123456000.000000
2593985100 0 59933 1 1 5.000000
48 1 123 1234 12345 123456000.000000
2593985300 0 43674 2 0 0.384615
2593990500 0 57760 1 1 1000.000000
2593991200 0 43666 8 1 0.390244
96 1 123 1234 12345 123456000.000000
2594011700 0 59931 1 1 2.500000
96 1 123 1234 12345 123456000.000000
2594012100 0 43666 8 0 0.390244
2594032600 0 57758 540 1 1000.000000
2595412600 0 26416 17250 1 0.942788
138032 1 123 1234 12345 123456000.000000
2613709400 0 59929 1 1 2.500000
138032 1 123 1234 12345 123456000.000000
2613709800 0 26416 17250 0 0.942788
2632006600 0 57217 540 1 1000.000000
2633386600 0 9166 17250 1 0.942788
138032 1 123 1234 12345 123456000.000000
2651683400 0 59388 1 1 2.500000
138032 1 123 1234 12345 123456000.000000
2651683800 0 9166 17250 0 0.942788
2669980600 0 56676 540 1 1000.000000
2671360600 0 4853 4313 1 0.248743
138008 1 123 1234 12345 123456000.000000
2688699800 0 58847 1 1 10.000000
138008 1 123 1234 12345 123456000.000000
2688699900 0 4853 4313 0 0.248743
2706039100 0 56135 540 1 1000.000000
2707419100 0 540 4313 1 0.248743
138008 1 123 1234 12345 123456000.000000
2724758300 0 58306 1 1 10.000000
138008 1 123 1234 12345 123456000.000000
2724758400 0 540 4313 0 0.248743
2742097600 0 123456789 1 1 0.000000
2742097700 0 43677 1 1 5.000000
17 1 123 1234 12345 123456000.000000
2742097900 0 57765 1 1 10.000000
17 1 123 1234 12345 123456000.000000
2742098000 0 43677 1 0 5.000000
2742098200 0 55590 1 1 1000.000000
2742098400 0 43676 1 1 0.769231
24 1 123 1234 12345 123456000.000000
2742099700 0 57763 1 1 10.000000
24 1 123 1234 12345 123456000.000000
2742099800 0 43676 1 0 0.769231
2742101100 0 55588 1 1 1000.000000
2742101500 0 43674 2 1 0.384615
48 1 123 1234 12345 123456000.000000
2742106700 0 57761 1 1 5.000000
48 1 123 1234 12345 123456000.000000
2742106900 0 43674 2 0 0.384615
2742112100 0 55586 1 1 1000.000000
2742112800 0 43666 8 1 0.390244
96 1 123 1234 12345 123456000.000000
2742133300 0 57759 1 1 2.500000
96 1 123 1234 12345 123456000.000000
2742133700 0 43666 8 0 0.390244
2742154200 0 55045 540 1 1000.000000
2743534200 0 26416 17250 1 0.942788
138032 1 123 1234 12345 123456000.000000
2761831000 0 57757 1 1 2.500000
138032 1 123 1234 12345 123456000.000000
2761831400 0 26416 17250 0 0.942788
2780128200 0 54504 540 1 1000.000000
2781508200 0 9166 17250 1 0.942788
138032 1 123 1234 12345 123456000.000000
2799805000 0 57216 1 1 2.500000
138032 1 123 1234 12345 123456000.000000
2799805400 0 9166 17250 0 0.942788
2818102200 0 53963 540 1 1000.000000
2819482200 0 4853 4313 1 0.248743
138008 1 123 1234 12345 123456000.000000
2836821400 0 56675 1 1 10.000000
138008 1 123 1234 12345 123456000.000000
2836821500 0 4853 4313 0 0.248743
2854160700 0 53420 540 1 1000.000000
2855540700 0 540 4313 1 0.248743
138008 1 123 1234 12345 123456000.000000
2872879900 0 56134 1 1 10.000000
138008 1 123 1234 12345 123456000.000000
2872880000 0 540 4313 0 0.248743
2890219200 0 123456789 1 1 0.000000
2890219300 0 43677 1 1 5.000000
17 1 123 1234 12345 123456000.000000
2890219500 0 55593 1 1 10.000000
17 1 123 1234 12345 123456000.000000
2890219600 0 43677 1 0 5.000000
2890219800 0 53416 1 1 1000.000000
2890220000 0 43676 1 1 0.769231
24 1 123 1234 12345 123456000.000000
2890221300 0 55591 1 1 10.000000
24 1 123 1234 12345 123456000.000000
2890221400 0 43676 1 0 0.769231
2890222700 0 53414 1 1 1000.000000
2890223100 0 43674 2 1 0.384615
48 1 123 1234 12345 123456000.000000
2890228300 0 55589 1 1 5.000000
48 1 123 1234 12345 123456000.000000
2890228500 0 43674 2 0 0.384615
2890233700 0 52873 1 1 1000.000000
2890234400 0 43666 8 1 0.390244
96 1 123 1234 12345 123456000.000000
2890254900 0 55587 1 1 2.500000
96 1 123 1234 12345 123456000.000000
2890255300 0 43666 8 0 0.390244
2890275800 0 52332 540 1 1000.000000
2891655800 0 26416 17250 1 0.942788
138032 1 123 1234 12345 123456000.000000
2909952600 0 55585 1 1 2.500000
138032 1 123 1234 12345 123456000.000000
2909953000 0 26416 17250 0 0.942788
2928249800 0 51791 540 1 1000.000000
2929629800 0 9166 17250 1 0.942788
138032 1 123 1234 12345 123456000.000000
2947926600 0 55044 1 1 2.500000
138032 1 123 1234 12345 123456000.000000
2947927000 0 9166 17250 0 0.942788
2966223800 0 51248 540 1 1000.000000
2967603800 0 4853 4313 1 0.248743
138008 1 123 1234 12345 123456000.000000
2984943000 0 54503 1 1 10.000000
138008 1 123 1234 12345 123456000.000000
2984943100 0 4853 4313 0 0.248743
3002282300 0 51246 540 1 1000.000000
3003662300 0 540 4313 1 0.248743
138008 1 123 1234 12345 123456000.000000
3021001500 0 53962 1 1 10.000000
138008 1 123 1234 12345 123456000.000000
3021001600 0 540 4313 0 0.248743
3038340800 0 123456789 1 1 0.000000
3038340900 0 43677 1 1 5.000000
17 1 123 1234 12345 123456000.000000
3038341100 0 53421 1 1 10.000000
17 1 123 1234 12345 123456000.000000
3038341200 0 43677 1 0 5.000000
3038341400 0 51242 1 1 1000.000000
3038341600 0 43676 1 1 0.769231
24 1 123 1234 12345 123456000.000000
3038342900 0 53419 1 1 10.000000
24 1 123 1234 12345 123456000.000000
3038343000 0 43676 1 0 0.769231
3038344300 0 50701 1 1 1000.000000
3038344700 0 43674 2 1 0.384615
48 1 123 1234 12345 123456000.000000
3038349900 0 53417 1 1 5.000000
48 1 123 1234 12345 123456000.000000
3038350100 0 43674 2 0 0.384615
3038355300 0 50160 1 1 1000.000000
3038356000 0 43666 8 1 0.390244
96 1 123 1234 12345 123456000.000000
3038376500 0 53415 1 1 2.500000
96 1 123 1234 12345 123456000.000000
3038376900 0 43666 8 0 0.390244
3038397400 0 49619 540 1 1000.000000
3039777400 0 26416 17250 1 0.942788
138032 1 123 1234 12345 123456000.000000
3058074200 0 53413 1 1 2.500000
138032 1 123 1234 12345 123456000.000000
3058074600 0 26416 17250 0 0.942788
3076371400 0 72968 540 1 1000.000000
3077751400 0 9166 17250 1 0.942788
138032 1 123 1234 12345 123456000.000000
3096048200 0 52872 1 1 2.500000
138032 1 123 1234 12345 123456000.000000
3096048600 0 9166 17250 0 0.942788
3114345400 0 72966 540 1 1000.000000
3115725400 0 4853 4313 1 0.248743
138008 1 123 1234 12345 123456000.000000
3133064600 0 52331 1 1 10.000000
138008 1 123 1234 12345 123456000.000000
3133064700 0 4853 4313 0 0.248743
3150403900 0 72964 540 1 1000.000000
3151783900 0 540 4313 1 0.248743
138008 1 123 1234 12345 123456000.000000
3169123100 0 51790 1 1 10.000000
138008 1 123 1234 12345 123456000.000000
3169123200 0 540 4313 0 0.248743
3186462400 0 123456789 1 1 0.000000
3186462500 0 43677 1 1 5.000000
17 1 123 1234 12345 123456000.000000
3186462700 0 51249 1 1 10.000000
17 1 123 1234 12345 123456000.000000
3186462800 0 43677 1 0 5.000000
3186463000 0 72421 1 1 1000.000000
3186463200 0 43676 1 1 0.769231
24 1 123 1234 12345 123456000.000000
3186464500 0 51247 1 1 10.000000
24 1 123 1234 12345 123456000.000000
3186464600 0 43676 1 0 0.769231
3186465900 0 71880 1 1 1000.000000
3186466300 0 43674 2 1 0.384615
48 1 123 1234 12345 123456000.000000
3186471500 0 51245 1 1 5.000000
48 1 123 1234 12345 123456000.000000
3186471700 0 43674 2 0 0.384615
3186476900 0 71339 1 1 1000.000000
3186477600 0 43666 8 1 0.390244
96 1 123 1234 12345 123456000.000000
3186498100 0 51243 1 1 2.500000
96 1 123 1234 12345 123456000.000000
3186498500 0 43666 8 0 0.390244
3186519000 0 70796 540 1 1000.000000
3187899000 0 26416 17250 1 0.942788
138032 1 123 1234 12345 123456000.000000
3206195800 0 51241 1 1 2.500000
138032 1 123 1234 12345 123456000.000000
3206196200 0 26416 17250 0 0.942788
3224493000 0 70794 540 1 1000.000000
3225873000 0 9166 17250 1 0.942788
138032 1 123 1234 12345 123456000.000000
3244169800 0 50700 1 1 2.500000
138032 1 123 1234 12345 123456000.000000
3244170200 0 9166 17250 0 0.942788
3262467000 0 70792 540 1 1000.000000
3263847000 0 4853 4313 1 0.248743
138008 1 123 1234 12345 123456000.000000
3281186200 0 50159 1 1 10.000000
138008 1 123 1234 12345 123456000.000000
3281186300 0 4853 4313 0 0.248743
3298525500 0 70790 540 1 1000.000000
3299905500 0 540 4313 1 0.248743
138008 1 123 1234 12345 123456000.000000
3317244700 0 49618 1 1 10.000000
138008 1 123 1234 12345 123456000.000000
3317244800 0 540 4313 0 0.248743
